Welcome to Van's Feature Selection Algorithms.
Type in the name of the file to test: 

Type in the number of the algorithm you want to run.
1. Forward Selection
2. Backward Ellimination
3. Van's Special Algorithm

This dataset has 40 features (not including the class attribute), with 1000 instnaces.

Please wait while I normalize the data... Done!
Using feature(s) {1,2,3,4,5,6,7,8,9,10,11,12,13,14,15,16,17,18,19,20,21,22,23,24,25,26,27,28,29,30,31,32,33,34,35,36,37,38,39,40}, the accuracy is 69.4%

Running nearest neighbor with no features (default rate), using "leave-one-out" evaluation, I get an accuracy of 69.4%

Beginning search.

Using feature(s) {2,3,4,5,6,7,8,9,10,11,12,13,14,15,16,17,18,19,20,21,22,23,24,25,26,27,28,29,30,31,32,33,34,35,36,37,38,39,40}, the accuracy is 70.1%
Using feature(s) {1,3,4,5,6,7,8,9,10,11,12,13,14,15,16,17,18,19,20,21,22,23,24,25,26,27,28,29,30,31,32,33,34,35,36,37,38,39,40}, the accuracy is 67.6%
Using feature(s) {1,2,4,5,6,7,8,9,10,11,12,13,14,15,16,17,18,19,20,21,22,23,24,25,26,27,28,29,30,31,32,33,34,35,36,37,38,39,40}, the accuracy is 67.8%
Using feature(s) {1,2,3,5,6,7,8,9,10,11,12,13,14,15,16,17,18,19,20,21,22,23,24,25,26,27,28,29,30,31,32,33,34,35,36,37,38,39,40}, the accuracy is 69.6%
Using feature(s) {1,2,3,4,6,7,8,9,10,11,12,13,14,15,16,17,18,19,20,21,22,23,24,25,26,27,28,29,30,31,32,33,34,35,36,37,38,39,40}, the accuracy is 68.6%
Using feature(s) {1,2,3,4,5,7,8,9,10,11,12,13,14,15,16,17,18,19,20,21,22,23,24,25,26,27,28,29,30,31,32,33,34,35,36,37,38,39,40}, the accuracy is 69.7%
Using feature(s) {1,2,3,4,5,6,8,9,10,11,12,13,14,15,16,17,18,19,20,21,22,23,24,25,26,27,28,29,30,31,32,33,34,35,36,37,38,39,40}, the accuracy is 69.7%
Using feature(s) {1,2,3,4,5,6,7,9,10,11,12,13,14,15,16,17,18,19,20,21,22,23,24,25,26,27,28,29,30,31,32,33,34,35,36,37,38,39,40}, the accuracy is 70.3%
Using feature(s) {1,2,3,4,5,6,7,8,10,11,12,13,14,15,16,17,18,19,20,21,22,23,24,25,26,27,28,29,30,31,32,33,34,35,36,37,38,39,40}, the accuracy is 69.4%
Using feature(s) {1,2,3,4,5,6,7,8,9,11,12,13,14,15,16,17,18,19,20,21,22,23,24,25,26,27,28,29,30,31,32,33,34,35,36,37,38,39,40}, the accuracy is 69.5%
Using feature(s) {1,2,3,4,5,6,7,8,9,10,12,13,14,15,16,17,18,19,20,21,22,23,24,25,26,27,28,29,30,31,32,33,34,35,36,37,38,39,40}, the accuracy is 69.7%
Using feature(s) {1,2,3,4,5,6,7,8,9,10,11,13,14,15,16,17,18,19,20,21,22,23,24,25,26,27,28,29,30,31,32,33,34,35,36,37,38,39,40}, the accuracy is 68.9%
Using feature(s) {1,2,3,4,5,6,7,8,9,10,11,12,14,15,16,17,18,19,20,21,22,23,24,25,26,27,28,29,30,31,32,33,34,35,36,37,38,39,40}, the accuracy is 69.2%
Using feature(s) {1,2,3,4,5,6,7,8,9,10,11,12,13,15,16,17,18,19,20,21,22,23,24,25,26,27,28,29,30,31,32,33,34,35,36,37,38,39,40}, the accuracy is 70.5%
Using feature(s) {1,2,3,4,5,6,7,8,9,10,11,12,13,14,16,17,18,19,20,21,22,23,24,25,26,27,28,29,30,31,32,33,34,35,36,37,38,39,40}, the accuracy is 69.6%
Using feature(s) {1,2,3,4,5,6,7,8,9,10,11,12,13,14,15,17,18,19,20,21,22,23,24,25,26,27,28,29,30,31,32,33,34,35,36,37,38,39,40}, the accuracy is 69.9%
Using feature(s) {1,2,3,4,5,6,7,8,9,10,11,12,13,14,15,16,18,19,20,21,22,23,24,25,26,27,28,29,30,31,32,33,34,35,36,37,38,39,40}, the accuracy is 67.9%
Using feature(s) {1,2,3,4,5,6,7,8,9,10,11,12,13,14,15,16,17,19,20,21,22,23,24,25,26,27,28,29,30,31,32,33,34,35,36,37,38,39,40}, the accuracy is 68.6%
Using feature(s) {1,2,3,4,5,6,7,8,9,10,11,12,13,14,15,16,17,18,20,21,22,23,24,25,26,27,28,29,30,31,32,33,34,35,36,37,38,39,40}, the accuracy is 69%
Using feature(s) {1,2,3,4,5,6,7,8,9,10,11,12,13,14,15,16,17,18,19,21,22,23,24,25,26,27,28,29,30,31,32,33,34,35,36,37,38,39,40}, the accuracy is 69.5%
Using feature(s) {1,2,3,4,5,6,7,8,9,10,11,12,13,14,15,16,17,18,19,20,22,23,24,25,26,27,28,29,30,31,32,33,34,35,36,37,38,39,40}, the accuracy is 70.1%
Using feature(s) {1,2,3,4,5,6,7,8,9,10,11,12,13,14,15,16,17,18,19,20,21,23,24,25,26,27,28,29,30,31,32,33,34,35,36,37,38,39,40}, the accuracy is 69.1%
Using feature(s) {1,2,3,4,5,6,7,8,9,10,11,12,13,14,15,16,17,18,19,20,21,22,24,25,26,27,28,29,30,31,32,33,34,35,36,37,38,39,40}, the accuracy is 69%
Using feature(s) {1,2,3,4,5,6,7,8,9,10,11,12,13,14,15,16,17,18,19,20,21,22,23,25,26,27,28,29,30,31,32,33,34,35,36,37,38,39,40}, the accuracy is 69.4%
Using feature(s) {1,2,3,4,5,6,7,8,9,10,11,12,13,14,15,16,17,18,19,20,21,22,23,24,26,27,28,29,30,31,32,33,34,35,36,37,38,39,40}, the accuracy is 67.9%
Using feature(s) {1,2,3,4,5,6,7,8,9,10,11,12,13,14,15,16,17,18,19,20,21,22,23,24,25,27,28,29,30,31,32,33,34,35,36,37,38,39,40}, the accuracy is 69.2%
Using feature(s) {1,2,3,4,5,6,7,8,9,10,11,12,13,14,15,16,17,18,19,20,21,22,23,24,25,26,28,29,30,31,32,33,34,35,36,37,38,39,40}, the accuracy is 69.5%
Using feature(s) {1,2,3,4,5,6,7,8,9,10,11,12,13,14,15,16,17,18,19,20,21,22,23,24,25,26,27,29,30,31,32,33,34,35,36,37,38,39,40}, the accuracy is 68.6%
Using feature(s) {1,2,3,4,5,6,7,8,9,10,11,12,13,14,15,16,17,18,19,20,21,22,23,24,25,26,27,28,30,31,32,33,34,35,36,37,38,39,40}, the accuracy is 69.5%
Using feature(s) {1,2,3,4,5,6,7,8,9,10,11,12,13,14,15,16,17,18,19,20,21,22,23,24,25,26,27,28,29,31,32,33,34,35,36,37,38,39,40}, the accuracy is 68.8%
Using feature(s) {1,2,3,4,5,6,7,8,9,10,11,12,13,14,15,16,17,18,19,20,21,22,23,24,25,26,27,28,29,30,32,33,34,35,36,37,38,39,40}, the accuracy is 68.6%
Using feature(s) {1,2,3,4,5,6,7,8,9,10,11,12,13,14,15,16,17,18,19,20,21,22,23,24,25,26,27,28,29,30,31,33,34,35,36,37,38,39,40}, the accuracy is 69.3%
Using feature(s) {1,2,3,4,5,6,7,8,9,10,11,12,13,14,15,16,17,18,19,20,21,22,23,24,25,26,27,28,29,30,31,32,34,35,36,37,38,39,40}, the accuracy is 70.4%
Using feature(s) {1,2,3,4,5,6,7,8,9,10,11,12,13,14,15,16,17,18,19,20,21,22,23,24,25,26,27,28,29,30,31,32,33,35,36,37,38,39,40}, the accuracy is 69.8%
Using feature(s) {1,2,3,4,5,6,7,8,9,10,11,12,13,14,15,16,17,18,19,20,21,22,23,24,25,26,27,28,29,30,31,32,33,34,36,37,38,39,40}, the accuracy is 68.9%
Using feature(s) {1,2,3,4,5,6,7,8,9,10,11,12,13,14,15,16,17,18,19,20,21,22,23,24,25,26,27,28,29,30,31,32,33,34,35,37,38,39,40}, the accuracy is 69.2%
Using feature(s) {1,2,3,4,5,6,7,8,9,10,11,12,13,14,15,16,17,18,19,20,21,22,23,24,25,26,27,28,29,30,31,32,33,34,35,36,38,39,40}, the accuracy is 69.5%
Using feature(s) {1,2,3,4,5,6,7,8,9,10,11,12,13,14,15,16,17,18,19,20,21,22,23,24,25,26,27,28,29,30,31,32,33,34,35,36,37,39,40}, the accuracy is 70.1%
Using feature(s) {1,2,3,4,5,6,7,8,9,10,11,12,13,14,15,16,17,18,19,20,21,22,23,24,25,26,27,28,29,30,31,32,33,34,35,36,37,38,40}, the accuracy is 69.3%
Using feature(s) {1,2,3,4,5,6,7,8,9,10,11,12,13,14,15,16,17,18,19,20,21,22,23,24,25,26,27,28,29,30,31,32,33,34,35,36,37,38,39}, the accuracy is 70.2%

Feature set {1,2,3,4,5,6,7,8,9,10,11,12,13,15,16,17,18,19,20,21,22,23,24,25,26,27,28,29,30,31,32,33,34,35,36,37,38,39,40} was best, accuracy is 70.5%

Using feature(s) {2,3,4,5,6,7,8,9,10,11,12,13,15,16,17,18,19,20,21,22,23,24,25,26,27,28,29,30,31,32,33,34,35,36,37,38,39,40}, the accuracy is 69.7%
Using feature(s) {1,3,4,5,6,7,8,9,10,11,12,13,15,16,17,18,19,20,21,22,23,24,25,26,27,28,29,30,31,32,33,34,35,36,37,38,39,40}, the accuracy is 68.8%
Using feature(s) {1,2,4,5,6,7,8,9,10,11,12,13,15,16,17,18,19,20,21,22,23,24,25,26,27,28,29,30,31,32,33,34,35,36,37,38,39,40}, the accuracy is 68.2%
Using feature(s) {1,2,3,5,6,7,8,9,10,11,12,13,15,16,17,18,19,20,21,22,23,24,25,26,27,28,29,30,31,32,33,34,35,36,37,38,39,40}, the accuracy is 69.8%
Using feature(s) {1,2,3,4,6,7,8,9,10,11,12,13,15,16,17,18,19,20,21,22,23,24,25,26,27,28,29,30,31,32,33,34,35,36,37,38,39,40}, the accuracy is 69.6%
Using feature(s) {1,2,3,4,5,7,8,9,10,11,12,13,15,16,17,18,19,20,21,22,23,24,25,26,27,28,29,30,31,32,33,34,35,36,37,38,39,40}, the accuracy is 70.9%
Using feature(s) {1,2,3,4,5,6,8,9,10,11,12,13,15,16,17,18,19,20,21,22,23,24,25,26,27,28,29,30,31,32,33,34,35,36,37,38,39,40}, the accuracy is 70.5%
Using feature(s) {1,2,3,4,5,6,7,9,10,11,12,13,15,16,17,18,19,20,21,22,23,24,25,26,27,28,29,30,31,32,33,34,35,36,37,38,39,40}, the accuracy is 69.4%
Using feature(s) {1,2,3,4,5,6,7,8,10,11,12,13,15,16,17,18,19,20,21,22,23,24,25,26,27,28,29,30,31,32,33,34,35,36,37,38,39,40}, the accuracy is 69.4%
Using feature(s) {1,2,3,4,5,6,7,8,9,11,12,13,15,16,17,18,19,20,21,22,23,24,25,26,27,28,29,30,31,32,33,34,35,36,37,38,39,40}, the accuracy is 69.8%
Using feature(s) {1,2,3,4,5,6,7,8,9,10,12,13,15,16,17,18,19,20,21,22,23,24,25,26,27,28,29,30,31,32,33,34,35,36,37,38,39,40}, the accuracy is 69.3%
Using feature(s) {1,2,3,4,5,6,7,8,9,10,11,13,15,16,17,18,19,20,21,22,23,24,25,26,27,28,29,30,31,32,33,34,35,36,37,38,39,40}, the accuracy is 68.7%
Using feature(s) {1,2,3,4,5,6,7,8,9,10,11,12,15,16,17,18,19,20,21,22,23,24,25,26,27,28,29,30,31,32,33,34,35,36,37,38,39,40}, the accuracy is 68.6%
Using feature(s) {1,2,3,4,5,6,7,8,9,10,11,12,13,16,17,18,19,20,21,22,23,24,25,26,27,28,29,30,31,32,33,34,35,36,37,38,39,40}, the accuracy is 69.7%
Using feature(s) {1,2,3,4,5,6,7,8,9,10,11,12,13,15,17,18,19,20,21,22,23,24,25,26,27,28,29,30,31,32,33,34,35,36,37,38,39,40}, the accuracy is 69.7%
Using feature(s) {1,2,3,4,5,6,7,8,9,10,11,12,13,15,16,18,19,20,21,22,23,24,25,26,27,28,29,30,31,32,33,34,35,36,37,38,39,40}, the accuracy is 68.4%
Using feature(s) {1,2,3,4,5,6,7,8,9,10,11,12,13,15,16,17,19,20,21,22,23,24,25,26,27,28,29,30,31,32,33,34,35,36,37,38,39,40}, the accuracy is 70.3%
Using feature(s) {1,2,3,4,5,6,7,8,9,10,11,12,13,15,16,17,18,20,21,22,23,24,25,26,27,28,29,30,31,32,33,34,35,36,37,38,39,40}, the accuracy is 69.7%
Using feature(s) {1,2,3,4,5,6,7,8,9,10,11,12,13,15,16,17,18,19,21,22,23,24,25,26,27,28,29,30,31,32,33,34,35,36,37,38,39,40}, the accuracy is 69.7%
Using feature(s) {1,2,3,4,5,6,7,8,9,10,11,12,13,15,16,17,18,19,20,22,23,24,25,26,27,28,29,30,31,32,33,34,35,36,37,38,39,40}, the accuracy is 70.8%
Using feature(s) {1,2,3,4,5,6,7,8,9,10,11,12,13,15,16,17,18,19,20,21,23,24,25,26,27,28,29,30,31,32,33,34,35,36,37,38,39,40}, the accuracy is 69.9%
Using feature(s) {1,2,3,4,5,6,7,8,9,10,11,12,13,15,16,17,18,19,20,21,22,24,25,26,27,28,29,30,31,32,33,34,35,36,37,38,39,40}, the accuracy is 69.9%
Using feature(s) {1,2,3,4,5,6,7,8,9,10,11,12,13,15,16,17,18,19,20,21,22,23,25,26,27,28,29,30,31,32,33,34,35,36,37,38,39,40}, the accuracy is 68.2%
Using feature(s) {1,2,3,4,5,6,7,8,9,10,11,12,13,15,16,17,18,19,20,21,22,23,24,26,27,28,29,30,31,32,33,34,35,36,37,38,39,40}, the accuracy is 68.3%
Using feature(s) {1,2,3,4,5,6,7,8,9,10,11,12,13,15,16,17,18,19,20,21,22,23,24,25,27,28,29,30,31,32,33,34,35,36,37,38,39,40}, the accuracy is 69.8%
Using feature(s) {1,2,3,4,5,6,7,8,9,10,11,12,13,15,16,17,18,19,20,21,22,23,24,25,26,28,29,30,31,32,33,34,35,36,37,38,39,40}, the accuracy is 69.1%
Using feature(s) {1,2,3,4,5,6,7,8,9,10,11,12,13,15,16,17,18,19,20,21,22,23,24,25,26,27,29,30,31,32,33,34,35,36,37,38,39,40}, the accuracy is 69.9%
Using feature(s) {1,2,3,4,5,6,7,8,9,10,11,12,13,15,16,17,18,19,20,21,22,23,24,25,26,27,28,30,31,32,33,34,35,36,37,38,39,40}, the accuracy is 70%
Using feature(s) {1,2,3,4,5,6,7,8,9,10,11,12,13,15,16,17,18,19,20,21,22,23,24,25,26,27,28,29,31,32,33,34,35,36,37,38,39,40}, the accuracy is 68.5%
Using feature(s) {1,2,3,4,5,6,7,8,9,10,11,12,13,15,16,17,18,19,20,21,22,23,24,25,26,27,28,29,30,32,33,34,35,36,37,38,39,40}, the accuracy is 69.7%
Using feature(s) {1,2,3,4,5,6,7,8,9,10,11,12,13,15,16,17,18,19,20,21,22,23,24,25,26,27,28,29,30,31,33,34,35,36,37,38,39,40}, the accuracy is 70.4%
Using feature(s) {1,2,3,4,5,6,7,8,9,10,11,12,13,15,16,17,18,19,20,21,22,23,24,25,26,27,28,29,30,31,32,34,35,36,37,38,39,40}, the accuracy is 69.7%
Using feature(s) {1,2,3,4,5,6,7,8,9,10,11,12,13,15,16,17,18,19,20,21,22,23,24,25,26,27,28,29,30,31,32,33,35,36,37,38,39,40}, the accuracy is 69.8%
Using feature(s) {1,2,3,4,5,6,7,8,9,10,11,12,13,15,16,17,18,19,20,21,22,23,24,25,26,27,28,29,30,31,32,33,34,36,37,38,39,40}, the accuracy is 69.8%
Using feature(s) {1,2,3,4,5,6,7,8,9,10,11,12,13,15,16,17,18,19,20,21,22,23,24,25,26,27,28,29,30,31,32,33,34,35,37,38,39,40}, the accuracy is 69%
Using feature(s) {1,2,3,4,5,6,7,8,9,10,11,12,13,15,16,17,18,19,20,21,22,23,24,25,26,27,28,29,30,31,32,33,34,35,36,38,39,40}, the accuracy is 70.5%
Using feature(s) {1,2,3,4,5,6,7,8,9,10,11,12,13,15,16,17,18,19,20,21,22,23,24,25,26,27,28,29,30,31,32,33,34,35,36,37,39,40}, the accuracy is 70.2%
Using feature(s) {1,2,3,4,5,6,7,8,9,10,11,12,13,15,16,17,18,19,20,21,22,23,24,25,26,27,28,29,30,31,32,33,34,35,36,37,38,40}, the accuracy is 69%
Using feature(s) {1,2,3,4,5,6,7,8,9,10,11,12,13,15,16,17,18,19,20,21,22,23,24,25,26,27,28,29,30,31,32,33,34,35,36,37,38,39}, the accuracy is 70.7%

Feature set {1,2,3,4,5,7,8,9,10,11,12,13,15,16,17,18,19,20,21,22,23,24,25,26,27,28,29,30,31,32,33,34,35,36,37,38,39,40} was best, accuracy is 70.9%

Using feature(s) {2,3,4,5,7,8,9,10,11,12,13,15,16,17,18,19,20,21,22,23,24,25,26,27,28,29,30,31,32,33,34,35,36,37,38,39,40}, the accuracy is 70.1%
Using feature(s) {1,3,4,5,7,8,9,10,11,12,13,15,16,17,18,19,20,21,22,23,24,25,26,27,28,29,30,31,32,33,34,35,36,37,38,39,40}, the accuracy is 70.3%
Using feature(s) {1,2,4,5,7,8,9,10,11,12,13,15,16,17,18,19,20,21,22,23,24,25,26,27,28,29,30,31,32,33,34,35,36,37,38,39,40}, the accuracy is 68.7%
Using feature(s) {1,2,3,5,7,8,9,10,11,12,13,15,16,17,18,19,20,21,22,23,24,25,26,27,28,29,30,31,32,33,34,35,36,37,38,39,40}, the accuracy is 69.7%
Using feature(s) {1,2,3,4,7,8,9,10,11,12,13,15,16,17,18,19,20,21,22,23,24,25,26,27,28,29,30,31,32,33,34,35,36,37,38,39,40}, the accuracy is 69.6%
Using feature(s) {1,2,3,4,5,8,9,10,11,12,13,15,16,17,18,19,20,21,22,23,24,25,26,27,28,29,30,31,32,33,34,35,36,37,38,39,40}, the accuracy is 70.7%
Using feature(s) {1,2,3,4,5,7,9,10,11,12,13,15,16,17,18,19,20,21,22,23,24,25,26,27,28,29,30,31,32,33,34,35,36,37,38,39,40}, the accuracy is 69.9%
Using feature(s) {1,2,3,4,5,7,8,10,11,12,13,15,16,17,18,19,20,21,22,23,24,25,26,27,28,29,30,31,32,33,34,35,36,37,38,39,40}, the accuracy is 70.5%
Using feature(s) {1,2,3,4,5,7,8,9,11,12,13,15,16,17,18,19,20,21,22,23,24,25,26,27,28,29,30,31,32,33,34,35,36,37,38,39,40}, the accuracy is 69.5%
Using feature(s) {1,2,3,4,5,7,8,9,10,12,13,15,16,17,18,19,20,21,22,23,24,25,26,27,28,29,30,31,32,33,34,35,36,37,38,39,40}, the accuracy is 69.3%
Using feature(s) {1,2,3,4,5,7,8,9,10,11,13,15,16,17,18,19,20,21,22,23,24,25,26,27,28,29,30,31,32,33,34,35,36,37,38,39,40}, the accuracy is 69%
Using feature(s) {1,2,3,4,5,7,8,9,10,11,12,15,16,17,18,19,20,21,22,23,24,25,26,27,28,29,30,31,32,33,34,35,36,37,38,39,40}, the accuracy is 69.1%
Using feature(s) {1,2,3,4,5,7,8,9,10,11,12,13,16,17,18,19,20,21,22,23,24,25,26,27,28,29,30,31,32,33,34,35,36,37,38,39,40}, the accuracy is 70.6%
Using feature(s) {1,2,3,4,5,7,8,9,10,11,12,13,15,17,18,19,20,21,22,23,24,25,26,27,28,29,30,31,32,33,34,35,36,37,38,39,40}, the accuracy is 69.9%
Using feature(s) {1,2,3,4,5,7,8,9,10,11,12,13,15,16,18,19,20,21,22,23,24,25,26,27,28,29,30,31,32,33,34,35,36,37,38,39,40}, the accuracy is 69.9%
Using feature(s) {1,2,3,4,5,7,8,9,10,11,12,13,15,16,17,19,20,21,22,23,24,25,26,27,28,29,30,31,32,33,34,35,36,37,38,39,40}, the accuracy is 70.1%
Using feature(s) {1,2,3,4,5,7,8,9,10,11,12,13,15,16,17,18,20,21,22,23,24,25,26,27,28,29,30,31,32,33,34,35,36,37,38,39,40}, the accuracy is 69.6%
Using feature(s) {1,2,3,4,5,7,8,9,10,11,12,13,15,16,17,18,19,21,22,23,24,25,26,27,28,29,30,31,32,33,34,35,36,37,38,39,40}, the accuracy is 69.9%
Using feature(s) {1,2,3,4,5,7,8,9,10,11,12,13,15,16,17,18,19,20,22,23,24,25,26,27,28,29,30,31,32,33,34,35,36,37,38,39,40}, the accuracy is 70.6%
Using feature(s) {1,2,3,4,5,7,8,9,10,11,12,13,15,16,17,18,19,20,21,23,24,25,26,27,28,29,30,31,32,33,34,35,36,37,38,39,40}, the accuracy is 68.7%
Using feature(s) {1,2,3,4,5,7,8,9,10,11,12,13,15,16,17,18,19,20,21,22,24,25,26,27,28,29,30,31,32,33,34,35,36,37,38,39,40}, the accuracy is 70.3%
Using feature(s) {1,2,3,4,5,7,8,9,10,11,12,13,15,16,17,18,19,20,21,22,23,25,26,27,28,29,30,31,32,33,34,35,36,37,38,39,40}, the accuracy is 69.4%
Using feature(s) {1,2,3,4,5,7,8,9,10,11,12,13,15,16,17,18,19,20,21,22,23,24,26,27,28,29,30,31,32,33,34,35,36,37,38,39,40}, the accuracy is 69.4%
Using feature(s) {1,2,3,4,5,7,8,9,10,11,12,13,15,16,17,18,19,20,21,22,23,24,25,27,28,29,30,31,32,33,34,35,36,37,38,39,40}, the accuracy is 70%
Using feature(s) {1,2,3,4,5,7,8,9,10,11,12,13,15,16,17,18,19,20,21,22,23,24,25,26,28,29,30,31,32,33,34,35,36,37,38,39,40}, the accuracy is 69.4%
Using feature(s) {1,2,3,4,5,7,8,9,10,11,12,13,15,16,17,18,19,20,21,22,23,24,25,26,27,29,30,31,32,33,34,35,36,37,38,39,40}, the accuracy is 69.9%
Using feature(s) {1,2,3,4,5,7,8,9,10,11,12,13,15,16,17,18,19,20,21,22,23,24,25,26,27,28,30,31,32,33,34,35,36,37,38,39,40}, the accuracy is 69.4%
Using feature(s) {1,2,3,4,5,7,8,9,10,11,12,13,15,16,17,18,19,20,21,22,23,24,25,26,27,28,29,31,32,33,34,35,36,37,38,39,40}, the accuracy is 68.3%
Using feature(s) {1,2,3,4,5,7,8,9,10,11,12,13,15,16,17,18,19,20,21,22,23,24,25,26,27,28,29,30,32,33,34,35,36,37,38,39,40}, the accuracy is 69.9%
Using feature(s) {1,2,3,4,5,7,8,9,10,11,12,13,15,16,17,18,19,20,21,22,23,24,25,26,27,28,29,30,31,33,34,35,36,37,38,39,40}, the accuracy is 71.4%
Using feature(s) {1,2,3,4,5,7,8,9,10,11,12,13,15,16,17,18,19,20,21,22,23,24,25,26,27,28,29,30,31,32,34,35,36,37,38,39,40}, the accuracy is 70.1%
Using feature(s) {1,2,3,4,5,7,8,9,10,11,12,13,15,16,17,18,19,20,21,22,23,24,25,26,27,28,29,30,31,32,33,35,36,37,38,39,40}, the accuracy is 69.5%
Using feature(s) {1,2,3,4,5,7,8,9,10,11,12,13,15,16,17,18,19,20,21,22,23,24,25,26,27,28,29,30,31,32,33,34,36,37,38,39,40}, the accuracy is 70.4%
Using feature(s) {1,2,3,4,5,7,8,9,10,11,12,13,15,16,17,18,19,20,21,22,23,24,25,26,27,28,29,30,31,32,33,34,35,37,38,39,40}, the accuracy is 68.9%
Using feature(s) {1,2,3,4,5,7,8,9,10,11,12,13,15,16,17,18,19,20,21,22,23,24,25,26,27,28,29,30,31,32,33,34,35,36,38,39,40}, the accuracy is 70.1%
Using feature(s) {1,2,3,4,5,7,8,9,10,11,12,13,15,16,17,18,19,20,21,22,23,24,25,26,27,28,29,30,31,32,33,34,35,36,37,39,40}, the accuracy is 71.2%
Using feature(s) {1,2,3,4,5,7,8,9,10,11,12,13,15,16,17,18,19,20,21,22,23,24,25,26,27,28,29,30,31,32,33,34,35,36,37,38,40}, the accuracy is 69.5%
Using feature(s) {1,2,3,4,5,7,8,9,10,11,12,13,15,16,17,18,19,20,21,22,23,24,25,26,27,28,29,30,31,32,33,34,35,36,37,38,39}, the accuracy is 70.5%

Feature set {1,2,3,4,5,7,8,9,10,11,12,13,15,16,17,18,19,20,21,22,23,24,25,26,27,28,29,30,31,33,34,35,36,37,38,39,40} was best, accuracy is 71.4%

Using feature(s) {2,3,4,5,7,8,9,10,11,12,13,15,16,17,18,19,20,21,22,23,24,25,26,27,28,29,30,31,33,34,35,36,37,38,39,40}, the accuracy is 71.1%
Using feature(s) {1,3,4,5,7,8,9,10,11,12,13,15,16,17,18,19,20,21,22,23,24,25,26,27,28,29,30,31,33,34,35,36,37,38,39,40}, the accuracy is 69.7%
Using feature(s) {1,2,4,5,7,8,9,10,11,12,13,15,16,17,18,19,20,21,22,23,24,25,26,27,28,29,30,31,33,34,35,36,37,38,39,40}, the accuracy is 69.9%
Using feature(s) {1,2,3,5,7,8,9,10,11,12,13,15,16,17,18,19,20,21,22,23,24,25,26,27,28,29,30,31,33,34,35,36,37,38,39,40}, the accuracy is 71.1%
Using feature(s) {1,2,3,4,7,8,9,10,11,12,13,15,16,17,18,19,20,21,22,23,24,25,26,27,28,29,30,31,33,34,35,36,37,38,39,40}, the accuracy is 71.7%
Using feature(s) {1,2,3,4,5,8,9,10,11,12,13,15,16,17,18,19,20,21,22,23,24,25,26,27,28,29,30,31,33,34,35,36,37,38,39,40}, the accuracy is 70.6%
Using feature(s) {1,2,3,4,5,7,9,10,11,12,13,15,16,17,18,19,20,21,22,23,24,25,26,27,28,29,30,31,33,34,35,36,37,38,39,40}, the accuracy is 69.5%
Using feature(s) {1,2,3,4,5,7,8,10,11,12,13,15,16,17,18,19,20,21,22,23,24,25,26,27,28,29,30,31,33,34,35,36,37,38,39,40}, the accuracy is 71.9%
Using feature(s) {1,2,3,4,5,7,8,9,11,12,13,15,16,17,18,19,20,21,22,23,24,25,26,27,28,29,30,31,33,34,35,36,37,38,39,40}, the accuracy is 69.6%
Using feature(s) {1,2,3,4,5,7,8,9,10,12,13,15,16,17,18,19,20,21,22,23,24,25,26,27,28,29,30,31,33,34,35,36,37,38,39,40}, the accuracy is 70.7%
Using feature(s) {1,2,3,4,5,7,8,9,10,11,13,15,16,17,18,19,20,21,22,23,24,25,26,27,28,29,30,31,33,34,35,36,37,38,39,40}, the accuracy is 69.7%
Using feature(s) {1,2,3,4,5,7,8,9,10,11,12,15,16,17,18,19,20,21,22,23,24,25,26,27,28,29,30,31,33,34,35,36,37,38,39,40}, the accuracy is 69.6%
Using feature(s) {1,2,3,4,5,7,8,9,10,11,12,13,16,17,18,19,20,21,22,23,24,25,26,27,28,29,30,31,33,34,35,36,37,38,39,40}, the accuracy is 69.8%
Using feature(s) {1,2,3,4,5,7,8,9,10,11,12,13,15,17,18,19,20,21,22,23,24,25,26,27,28,29,30,31,33,34,35,36,37,38,39,40}, the accuracy is 71%
Using feature(s) {1,2,3,4,5,7,8,9,10,11,12,13,15,16,18,19,20,21,22,23,24,25,26,27,28,29,30,31,33,34,35,36,37,38,39,40}, the accuracy is 70.9%
Using feature(s) {1,2,3,4,5,7,8,9,10,11,12,13,15,16,17,19,20,21,22,23,24,25,26,27,28,29,30,31,33,34,35,36,37,38,39,40}, the accuracy is 70.6%
Using feature(s) {1,2,3,4,5,7,8,9,10,11,12,13,15,16,17,18,20,21,22,23,24,25,26,27,28,29,30,31,33,34,35,36,37,38,39,40}, the accuracy is 69.4%
Using feature(s) {1,2,3,4,5,7,8,9,10,11,12,13,15,16,17,18,19,21,22,23,24,25,26,27,28,29,30,31,33,34,35,36,37,38,39,40}, the accuracy is 70.4%
Using feature(s) {1,2,3,4,5,7,8,9,10,11,12,13,15,16,17,18,19,20,22,23,24,25,26,27,28,29,30,31,33,34,35,36,37,38,39,40}, the accuracy is 71.3%
Using feature(s) {1,2,3,4,5,7,8,9,10,11,12,13,15,16,17,18,19,20,21,23,24,25,26,27,28,29,30,31,33,34,35,36,37,38,39,40}, the accuracy is 69.8%
Using feature(s) {1,2,3,4,5,7,8,9,10,11,12,13,15,16,17,18,19,20,21,22,24,25,26,27,28,29,30,31,33,34,35,36,37,38,39,40}, the accuracy is 70.4%
Using feature(s) {1,2,3,4,5,7,8,9,10,11,12,13,15,16,17,18,19,20,21,22,23,25,26,27,28,29,30,31,33,34,35,36,37,38,39,40}, the accuracy is 70.7%
Using feature(s) {1,2,3,4,5,7,8,9,10,11,12,13,15,16,17,18,19,20,21,22,23,24,26,27,28,29,30,31,33,34,35,36,37,38,39,40}, the accuracy is 69%
Using feature(s) {1,2,3,4,5,7,8,9,10,11,12,13,15,16,17,18,19,20,21,22,23,24,25,27,28,29,30,31,33,34,35,36,37,38,39,40}, the accuracy is 70.7%
Using feature(s) {1,2,3,4,5,7,8,9,10,11,12,13,15,16,17,18,19,20,21,22,23,24,25,26,28,29,30,31,33,34,35,36,37,38,39,40}, the accuracy is 70%
Using feature(s) {1,2,3,4,5,7,8,9,10,11,12,13,15,16,17,18,19,20,21,22,23,24,25,26,27,29,30,31,33,34,35,36,37,38,39,40}, the accuracy is 69.8%
Using feature(s) {1,2,3,4,5,7,8,9,10,11,12,13,15,16,17,18,19,20,21,22,23,24,25,26,27,28,30,31,33,34,35,36,37,38,39,40}, the accuracy is 70.8%
Using feature(s) {1,2,3,4,5,7,8,9,10,11,12,13,15,16,17,18,19,20,21,22,23,24,25,26,27,28,29,31,33,34,35,36,37,38,39,40}, the accuracy is 68.9%
Using feature(s) {1,2,3,4,5,7,8,9,10,11,12,13,15,16,17,18,19,20,21,22,23,24,25,26,27,28,29,30,33,34,35,36,37,38,39,40}, the accuracy is 70.2%
Using feature(s) {1,2,3,4,5,7,8,9,10,11,12,13,15,16,17,18,19,20,21,22,23,24,25,26,27,28,29,30,31,34,35,36,37,38,39,40}, the accuracy is 70.5%
Using feature(s) {1,2,3,4,5,7,8,9,10,11,12,13,15,16,17,18,19,20,21,22,23,24,25,26,27,28,29,30,31,33,35,36,37,38,39,40}, the accuracy is 69.2%
Using feature(s) {1,2,3,4,5,7,8,9,10,11,12,13,15,16,17,18,19,20,21,22,23,24,25,26,27,28,29,30,31,33,34,36,37,38,39,40}, the accuracy is 69.6%
Using feature(s) {1,2,3,4,5,7,8,9,10,11,12,13,15,16,17,18,19,20,21,22,23,24,25,26,27,28,29,30,31,33,34,35,37,38,39,40}, the accuracy is 68.8%
Using feature(s) {1,2,3,4,5,7,8,9,10,11,12,13,15,16,17,18,19,20,21,22,23,24,25,26,27,28,29,30,31,33,34,35,36,38,39,40}, the accuracy is 69.7%
Using feature(s) {1,2,3,4,5,7,8,9,10,11,12,13,15,16,17,18,19,20,21,22,23,24,25,26,27,28,29,30,31,33,34,35,36,37,39,40}, the accuracy is 72%
Using feature(s) {1,2,3,4,5,7,8,9,10,11,12,13,15,16,17,18,19,20,21,22,23,24,25,26,27,28,29,30,31,33,34,35,36,37,38,40}, the accuracy is 69.6%
Using feature(s) {1,2,3,4,5,7,8,9,10,11,12,13,15,16,17,18,19,20,21,22,23,24,25,26,27,28,29,30,31,33,34,35,36,37,38,39}, the accuracy is 71.6%

Feature set {1,2,3,4,5,7,8,9,10,11,12,13,15,16,17,18,19,20,21,22,23,24,25,26,27,28,29,30,31,33,34,35,36,37,39,40} was best, accuracy is 72%

Using feature(s) {2,3,4,5,7,8,9,10,11,12,13,15,16,17,18,19,20,21,22,23,24,25,26,27,28,29,30,31,33,34,35,36,37,39,40}, the accuracy is 71.7%
Using feature(s) {1,3,4,5,7,8,9,10,11,12,13,15,16,17,18,19,20,21,22,23,24,25,26,27,28,29,30,31,33,34,35,36,37,39,40}, the accuracy is 71.1%
Using feature(s) {1,2,4,5,7,8,9,10,11,12,13,15,16,17,18,19,20,21,22,23,24,25,26,27,28,29,30,31,33,34,35,36,37,39,40}, the accuracy is 69.2%
Using feature(s) {1,2,3,5,7,8,9,10,11,12,13,15,16,17,18,19,20,21,22,23,24,25,26,27,28,29,30,31,33,34,35,36,37,39,40}, the accuracy is 70.9%
Using feature(s) {1,2,3,4,7,8,9,10,11,12,13,15,16,17,18,19,20,21,22,23,24,25,26,27,28,29,30,31,33,34,35,36,37,39,40}, the accuracy is 71.6%
Using feature(s) {1,2,3,4,5,8,9,10,11,12,13,15,16,17,18,19,20,21,22,23,24,25,26,27,28,29,30,31,33,34,35,36,37,39,40}, the accuracy is 70.6%
Using feature(s) {1,2,3,4,5,7,9,10,11,12,13,15,16,17,18,19,20,21,22,23,24,25,26,27,28,29,30,31,33,34,35,36,37,39,40}, the accuracy is 70.7%
Using feature(s) {1,2,3,4,5,7,8,10,11,12,13,15,16,17,18,19,20,21,22,23,24,25,26,27,28,29,30,31,33,34,35,36,37,39,40}, the accuracy is 70.4%
Using feature(s) {1,2,3,4,5,7,8,9,11,12,13,15,16,17,18,19,20,21,22,23,24,25,26,27,28,29,30,31,33,34,35,36,37,39,40}, the accuracy is 70.4%
Using feature(s) {1,2,3,4,5,7,8,9,10,12,13,15,16,17,18,19,20,21,22,23,24,25,26,27,28,29,30,31,33,34,35,36,37,39,40}, the accuracy is 71.3%
Using feature(s) {1,2,3,4,5,7,8,9,10,11,13,15,16,17,18,19,20,21,22,23,24,25,26,27,28,29,30,31,33,34,35,36,37,39,40}, the accuracy is 69%
Using feature(s) {1,2,3,4,5,7,8,9,10,11,12,15,16,17,18,19,20,21,22,23,24,25,26,27,28,29,30,31,33,34,35,36,37,39,40}, the accuracy is 70.5%
Using feature(s) {1,2,3,4,5,7,8,9,10,11,12,13,16,17,18,19,20,21,22,23,24,25,26,27,28,29,30,31,33,34,35,36,37,39,40}, the accuracy is 70.8%
Using feature(s) {1,2,3,4,5,7,8,9,10,11,12,13,15,17,18,19,20,21,22,23,24,25,26,27,28,29,30,31,33,34,35,36,37,39,40}, the accuracy is 72.1%
Using feature(s) {1,2,3,4,5,7,8,9,10,11,12,13,15,16,18,19,20,21,22,23,24,25,26,27,28,29,30,31,33,34,35,36,37,39,40}, the accuracy is 69.8%
Using feature(s) {1,2,3,4,5,7,8,9,10,11,12,13,15,16,17,19,20,21,22,23,24,25,26,27,28,29,30,31,33,34,35,36,37,39,40}, the accuracy is 70.9%
Using feature(s) {1,2,3,4,5,7,8,9,10,11,12,13,15,16,17,18,20,21,22,23,24,25,26,27,28,29,30,31,33,34,35,36,37,39,40}, the accuracy is 69.6%
Using feature(s) {1,2,3,4,5,7,8,9,10,11,12,13,15,16,17,18,19,21,22,23,24,25,26,27,28,29,30,31,33,34,35,36,37,39,40}, the accuracy is 71.2%
Using feature(s) {1,2,3,4,5,7,8,9,10,11,12,13,15,16,17,18,19,20,22,23,24,25,26,27,28,29,30,31,33,34,35,36,37,39,40}, the accuracy is 71.5%
Using feature(s) {1,2,3,4,5,7,8,9,10,11,12,13,15,16,17,18,19,20,21,23,24,25,26,27,28,29,30,31,33,34,35,36,37,39,40}, the accuracy is 70.6%
Using feature(s) {1,2,3,4,5,7,8,9,10,11,12,13,15,16,17,18,19,20,21,22,24,25,26,27,28,29,30,31,33,34,35,36,37,39,40}, the accuracy is 71.7%
Using feature(s) {1,2,3,4,5,7,8,9,10,11,12,13,15,16,17,18,19,20,21,22,23,25,26,27,28,29,30,31,33,34,35,36,37,39,40}, the accuracy is 71.9%
Using feature(s) {1,2,3,4,5,7,8,9,10,11,12,13,15,16,17,18,19,20,21,22,23,24,26,27,28,29,30,31,33,34,35,36,37,39,40}, the accuracy is 71.6%
Using feature(s) {1,2,3,4,5,7,8,9,10,11,12,13,15,16,17,18,19,20,21,22,23,24,25,27,28,29,30,31,33,34,35,36,37,39,40}, the accuracy is 70.9%
Using feature(s) {1,2,3,4,5,7,8,9,10,11,12,13,15,16,17,18,19,20,21,22,23,24,25,26,28,29,30,31,33,34,35,36,37,39,40}, the accuracy is 70.7%
Using feature(s) {1,2,3,4,5,7,8,9,10,11,12,13,15,16,17,18,19,20,21,22,23,24,25,26,27,29,30,31,33,34,35,36,37,39,40}, the accuracy is 71.1%
Using feature(s) {1,2,3,4,5,7,8,9,10,11,12,13,15,16,17,18,19,20,21,22,23,24,25,26,27,28,30,31,33,34,35,36,37,39,40}, the accuracy is 71.5%
Using feature(s) {1,2,3,4,5,7,8,9,10,11,12,13,15,16,17,18,19,20,21,22,23,24,25,26,27,28,29,31,33,34,35,36,37,39,40}, the accuracy is 71%
Using feature(s) {1,2,3,4,5,7,8,9,10,11,12,13,15,16,17,18,19,20,21,22,23,24,25,26,27,28,29,30,33,34,35,36,37,39,40}, the accuracy is 71.4%
Using feature(s) {1,2,3,4,5,7,8,9,10,11,12,13,15,16,17,18,19,20,21,22,23,24,25,26,27,28,29,30,31,34,35,36,37,39,40}, the accuracy is 71.2%
Using feature(s) {1,2,3,4,5,7,8,9,10,11,12,13,15,16,17,18,19,20,21,22,23,24,25,26,27,28,29,30,31,33,35,36,37,39,40}, the accuracy is 70.2%
Using feature(s) {1,2,3,4,5,7,8,9,10,11,12,13,15,16,17,18,19,20,21,22,23,24,25,26,27,28,29,30,31,33,34,36,37,39,40}, the accuracy is 71.8%
Using feature(s) {1,2,3,4,5,7,8,9,10,11,12,13,15,16,17,18,19,20,21,22,23,24,25,26,27,28,29,30,31,33,34,35,37,39,40}, the accuracy is 70.7%
Using feature(s) {1,2,3,4,5,7,8,9,10,11,12,13,15,16,17,18,19,20,21,22,23,24,25,26,27,28,29,30,31,33,34,35,36,39,40}, the accuracy is 71.3%
Using feature(s) {1,2,3,4,5,7,8,9,10,11,12,13,15,16,17,18,19,20,21,22,23,24,25,26,27,28,29,30,31,33,34,35,36,37,40}, the accuracy is 69.7%
Using feature(s) {1,2,3,4,5,7,8,9,10,11,12,13,15,16,17,18,19,20,21,22,23,24,25,26,27,28,29,30,31,33,34,35,36,37,39}, the accuracy is 71.4%

Feature set {1,2,3,4,5,7,8,9,10,11,12,13,15,17,18,19,20,21,22,23,24,25,26,27,28,29,30,31,33,34,35,36,37,39,40} was best, accuracy is 72.1%

Using feature(s) {2,3,4,5,7,8,9,10,11,12,13,15,17,18,19,20,21,22,23,24,25,26,27,28,29,30,31,33,34,35,36,37,39,40}, the accuracy is 71.5%
Using feature(s) {1,3,4,5,7,8,9,10,11,12,13,15,17,18,19,20,21,22,23,24,25,26,27,28,29,30,31,33,34,35,36,37,39,40}, the accuracy is 71%
Using feature(s) {1,2,4,5,7,8,9,10,11,12,13,15,17,18,19,20,21,22,23,24,25,26,27,28,29,30,31,33,34,35,36,37,39,40}, the accuracy is 70.4%
Using feature(s) {1,2,3,5,7,8,9,10,11,12,13,15,17,18,19,20,21,22,23,24,25,26,27,28,29,30,31,33,34,35,36,37,39,40}, the accuracy is 72.3%
Using feature(s) {1,2,3,4,7,8,9,10,11,12,13,15,17,18,19,20,21,22,23,24,25,26,27,28,29,30,31,33,34,35,36,37,39,40}, the accuracy is 71.9%
Using feature(s) {1,2,3,4,5,8,9,10,11,12,13,15,17,18,19,20,21,22,23,24,25,26,27,28,29,30,31,33,34,35,36,37,39,40}, the accuracy is 71.8%
Using feature(s) {1,2,3,4,5,7,9,10,11,12,13,15,17,18,19,20,21,22,23,24,25,26,27,28,29,30,31,33,34,35,36,37,39,40}, the accuracy is 72.2%
Using feature(s) {1,2,3,4,5,7,8,10,11,12,13,15,17,18,19,20,21,22,23,24,25,26,27,28,29,30,31,33,34,35,36,37,39,40}, the accuracy is 72.3%
Using feature(s) {1,2,3,4,5,7,8,9,11,12,13,15,17,18,19,20,21,22,23,24,25,26,27,28,29,30,31,33,34,35,36,37,39,40}, the accuracy is 69.8%
Using feature(s) {1,2,3,4,5,7,8,9,10,12,13,15,17,18,19,20,21,22,23,24,25,26,27,28,29,30,31,33,34,35,36,37,39,40}, the accuracy is 71.7%
Using feature(s) {1,2,3,4,5,7,8,9,10,11,13,15,17,18,19,20,21,22,23,24,25,26,27,28,29,30,31,33,34,35,36,37,39,40}, the accuracy is 70.8%
Using feature(s) {1,2,3,4,5,7,8,9,10,11,12,15,17,18,19,20,21,22,23,24,25,26,27,28,29,30,31,33,34,35,36,37,39,40}, the accuracy is 71.2%
Using feature(s) {1,2,3,4,5,7,8,9,10,11,12,13,17,18,19,20,21,22,23,24,25,26,27,28,29,30,31,33,34,35,36,37,39,40}, the accuracy is 71.4%
Using feature(s) {1,2,3,4,5,7,8,9,10,11,12,13,15,18,19,20,21,22,23,24,25,26,27,28,29,30,31,33,34,35,36,37,39,40}, the accuracy is 70.7%
Using feature(s) {1,2,3,4,5,7,8,9,10,11,12,13,15,17,19,20,21,22,23,24,25,26,27,28,29,30,31,33,34,35,36,37,39,40}, the accuracy is 71.9%
Using feature(s) {1,2,3,4,5,7,8,9,10,11,12,13,15,17,18,20,21,22,23,24,25,26,27,28,29,30,31,33,34,35,36,37,39,40}, the accuracy is 69.8%
Using feature(s) {1,2,3,4,5,7,8,9,10,11,12,13,15,17,18,19,21,22,23,24,25,26,27,28,29,30,31,33,34,35,36,37,39,40}, the accuracy is 71.6%
Using feature(s) {1,2,3,4,5,7,8,9,10,11,12,13,15,17,18,19,20,22,23,24,25,26,27,28,29,30,31,33,34,35,36,37,39,40}, the accuracy is 71.9%
Using feature(s) {1,2,3,4,5,7,8,9,10,11,12,13,15,17,18,19,20,21,23,24,25,26,27,28,29,30,31,33,34,35,36,37,39,40}, the accuracy is 70.1%
Using feature(s) {1,2,3,4,5,7,8,9,10,11,12,13,15,17,18,19,20,21,22,24,25,26,27,28,29,30,31,33,34,35,36,37,39,40}, the accuracy is 72.2%
Using feature(s) {1,2,3,4,5,7,8,9,10,11,12,13,15,17,18,19,20,21,22,23,25,26,27,28,29,30,31,33,34,35,36,37,39,40}, the accuracy is 73.1%
Using feature(s) {1,2,3,4,5,7,8,9,10,11,12,13,15,17,18,19,20,21,22,23,24,26,27,28,29,30,31,33,34,35,36,37,39,40}, the accuracy is 71.7%
Using feature(s) {1,2,3,4,5,7,8,9,10,11,12,13,15,17,18,19,20,21,22,23,24,25,27,28,29,30,31,33,34,35,36,37,39,40}, the accuracy is 69.5%
Using feature(s) {1,2,3,4,5,7,8,9,10,11,12,13,15,17,18,19,20,21,22,23,24,25,26,28,29,30,31,33,34,35,36,37,39,40}, the accuracy is 72%
Using feature(s) {1,2,3,4,5,7,8,9,10,11,12,13,15,17,18,19,20,21,22,23,24,25,26,27,29,30,31,33,34,35,36,37,39,40}, the accuracy is 70.6%
Using feature(s) {1,2,3,4,5,7,8,9,10,11,12,13,15,17,18,19,20,21,22,23,24,25,26,27,28,30,31,33,34,35,36,37,39,40}, the accuracy is 71.1%
Using feature(s) {1,2,3,4,5,7,8,9,10,11,12,13,15,17,18,19,20,21,22,23,24,25,26,27,28,29,31,33,34,35,36,37,39,40}, the accuracy is 69.5%
Using feature(s) {1,2,3,4,5,7,8,9,10,11,12,13,15,17,18,19,20,21,22,23,24,25,26,27,28,29,30,33,34,35,36,37,39,40}, the accuracy is 71.3%
Using feature(s) {1,2,3,4,5,7,8,9,10,11,12,13,15,17,18,19,20,21,22,23,24,25,26,27,28,29,30,31,34,35,36,37,39,40}, the accuracy is 71.6%
Using feature(s) {1,2,3,4,5,7,8,9,10,11,12,13,15,17,18,19,20,21,22,23,24,25,26,27,28,29,30,31,33,35,36,37,39,40}, the accuracy is 70.4%
Using feature(s) {1,2,3,4,5,7,8,9,10,11,12,13,15,17,18,19,20,21,22,23,24,25,26,27,28,29,30,31,33,34,36,37,39,40}, the accuracy is 71.9%
Using feature(s) {1,2,3,4,5,7,8,9,10,11,12,13,15,17,18,19,20,21,22,23,24,25,26,27,28,29,30,31,33,34,35,37,39,40}, the accuracy is 72%
Using feature(s) {1,2,3,4,5,7,8,9,10,11,12,13,15,17,18,19,20,21,22,23,24,25,26,27,28,29,30,31,33,34,35,36,39,40}, the accuracy is 70.6%
Using feature(s) {1,2,3,4,5,7,8,9,10,11,12,13,15,17,18,19,20,21,22,23,24,25,26,27,28,29,30,31,33,34,35,36,37,40}, the accuracy is 69.7%
Using feature(s) {1,2,3,4,5,7,8,9,10,11,12,13,15,17,18,19,20,21,22,23,24,25,26,27,28,29,30,31,33,34,35,36,37,39}, the accuracy is 72.4%

Feature set {1,2,3,4,5,7,8,9,10,11,12,13,15,17,18,19,20,21,22,23,25,26,27,28,29,30,31,33,34,35,36,37,39,40} was best, accuracy is 73.1%

Using feature(s) {2,3,4,5,7,8,9,10,11,12,13,15,17,18,19,20,21,22,23,25,26,27,28,29,30,31,33,34,35,36,37,39,40}, the accuracy is 71.4%
Using feature(s) {1,3,4,5,7,8,9,10,11,12,13,15,17,18,19,20,21,22,23,25,26,27,28,29,30,31,33,34,35,36,37,39,40}, the accuracy is 71.3%
Using feature(s) {1,2,4,5,7,8,9,10,11,12,13,15,17,18,19,20,21,22,23,25,26,27,28,29,30,31,33,34,35,36,37,39,40}, the accuracy is 70.3%
Using feature(s) {1,2,3,5,7,8,9,10,11,12,13,15,17,18,19,20,21,22,23,25,26,27,28,29,30,31,33,34,35,36,37,39,40}, the accuracy is 73.2%
Using feature(s) {1,2,3,4,7,8,9,10,11,12,13,15,17,18,19,20,21,22,23,25,26,27,28,29,30,31,33,34,35,36,37,39,40}, the accuracy is 71.4%
Using feature(s) {1,2,3,4,5,8,9,10,11,12,13,15,17,18,19,20,21,22,23,25,26,27,28,29,30,31,33,34,35,36,37,39,40}, the accuracy is 72.1%
Using feature(s) {1,2,3,4,5,7,9,10,11,12,13,15,17,18,19,20,21,22,23,25,26,27,28,29,30,31,33,34,35,36,37,39,40}, the accuracy is 72.8%
Using feature(s) {1,2,3,4,5,7,8,10,11,12,13,15,17,18,19,20,21,22,23,25,26,27,28,29,30,31,33,34,35,36,37,39,40}, the accuracy is 72.2%
Using feature(s) {1,2,3,4,5,7,8,9,11,12,13,15,17,18,19,20,21,22,23,25,26,27,28,29,30,31,33,34,35,36,37,39,40}, the accuracy is 71.5%
Using feature(s) {1,2,3,4,5,7,8,9,10,12,13,15,17,18,19,20,21,22,23,25,26,27,28,29,30,31,33,34,35,36,37,39,40}, the accuracy is 72.5%
Using feature(s) {1,2,3,4,5,7,8,9,10,11,13,15,17,18,19,20,21,22,23,25,26,27,28,29,30,31,33,34,35,36,37,39,40}, the accuracy is 70.9%
Using feature(s) {1,2,3,4,5,7,8,9,10,11,12,15,17,18,19,20,21,22,23,25,26,27,28,29,30,31,33,34,35,36,37,39,40}, the accuracy is 71.3%
Using feature(s) {1,2,3,4,5,7,8,9,10,11,12,13,17,18,19,20,21,22,23,25,26,27,28,29,30,31,33,34,35,36,37,39,40}, the accuracy is 71.9%
Using feature(s) {1,2,3,4,5,7,8,9,10,11,12,13,15,18,19,20,21,22,23,25,26,27,28,29,30,31,33,34,35,36,37,39,40}, the accuracy is 70.5%
Using feature(s) {1,2,3,4,5,7,8,9,10,11,12,13,15,17,19,20,21,22,23,25,26,27,28,29,30,31,33,34,35,36,37,39,40}, the accuracy is 71.2%
Using feature(s) {1,2,3,4,5,7,8,9,10,11,12,13,15,17,18,20,21,22,23,25,26,27,28,29,30,31,33,34,35,36,37,39,40}, the accuracy is 71.2%
Using feature(s) {1,2,3,4,5,7,8,9,10,11,12,13,15,17,18,19,21,22,23,25,26,27,28,29,30,31,33,34,35,36,37,39,40}, the accuracy is 71.6%
Using feature(s) {1,2,3,4,5,7,8,9,10,11,12,13,15,17,18,19,20,22,23,25,26,27,28,29,30,31,33,34,35,36,37,39,40}, the accuracy is 72.3%
Using feature(s) {1,2,3,4,5,7,8,9,10,11,12,13,15,17,18,19,20,21,23,25,26,27,28,29,30,31,33,34,35,36,37,39,40}, the accuracy is 71.6%
Using feature(s) {1,2,3,4,5,7,8,9,10,11,12,13,15,17,18,19,20,21,22,25,26,27,28,29,30,31,33,34,35,36,37,39,40}, the accuracy is 71.2%
Using feature(s) {1,2,3,4,5,7,8,9,10,11,12,13,15,17,18,19,20,21,22,23,26,27,28,29,30,31,33,34,35,36,37,39,40}, the accuracy is 71.3%
Using feature(s) {1,2,3,4,5,7,8,9,10,11,12,13,15,17,18,19,20,21,22,23,25,27,28,29,30,31,33,34,35,36,37,39,40}, the accuracy is 71.2%
Using feature(s) {1,2,3,4,5,7,8,9,10,11,12,13,15,17,18,19,20,21,22,23,25,26,28,29,30,31,33,34,35,36,37,39,40}, the accuracy is 70.7%
Using feature(s) {1,2,3,4,5,7,8,9,10,11,12,13,15,17,18,19,20,21,22,23,25,26,27,29,30,31,33,34,35,36,37,39,40}, the accuracy is 70.8%
Using feature(s) {1,2,3,4,5,7,8,9,10,11,12,13,15,17,18,19,20,21,22,23,25,26,27,28,30,31,33,34,35,36,37,39,40}, the accuracy is 71%
Using feature(s) {1,2,3,4,5,7,8,9,10,11,12,13,15,17,18,19,20,21,22,23,25,26,27,28,29,31,33,34,35,36,37,39,40}, the accuracy is 70.4%
Using feature(s) {1,2,3,4,5,7,8,9,10,11,12,13,15,17,18,19,20,21,22,23,25,26,27,28,29,30,33,34,35,36,37,39,40}, the accuracy is 72.1%
Using feature(s) {1,2,3,4,5,7,8,9,10,11,12,13,15,17,18,19,20,21,22,23,25,26,27,28,29,30,31,34,35,36,37,39,40}, the accuracy is 71.4%
Using feature(s) {1,2,3,4,5,7,8,9,10,11,12,13,15,17,18,19,20,21,22,23,25,26,27,28,29,30,31,33,35,36,37,39,40}, the accuracy is 70.7%
Using feature(s) {1,2,3,4,5,7,8,9,10,11,12,13,15,17,18,19,20,21,22,23,25,26,27,28,29,30,31,33,34,36,37,39,40}, the accuracy is 71.8%
Using feature(s) {1,2,3,4,5,7,8,9,10,11,12,13,15,17,18,19,20,21,22,23,25,26,27,28,29,30,31,33,34,35,37,39,40}, the accuracy is 72.1%
Using feature(s) {1,2,3,4,5,7,8,9,10,11,12,13,15,17,18,19,20,21,22,23,25,26,27,28,29,30,31,33,34,35,36,39,40}, the accuracy is 71.7%
Using feature(s) {1,2,3,4,5,7,8,9,10,11,12,13,15,17,18,19,20,21,22,23,25,26,27,28,29,30,31,33,34,35,36,37,40}, the accuracy is 71.2%
Using feature(s) {1,2,3,4,5,7,8,9,10,11,12,13,15,17,18,19,20,21,22,23,25,26,27,28,29,30,31,33,34,35,36,37,39}, the accuracy is 72.2%

Feature set {1,2,3,5,7,8,9,10,11,12,13,15,17,18,19,20,21,22,23,25,26,27,28,29,30,31,33,34,35,36,37,39,40} was best, accuracy is 73.2%

Using feature(s) {2,3,5,7,8,9,10,11,12,13,15,17,18,19,20,21,22,23,25,26,27,28,29,30,31,33,34,35,36,37,39,40}, the accuracy is 72.2%
Using feature(s) {1,3,5,7,8,9,10,11,12,13,15,17,18,19,20,21,22,23,25,26,27,28,29,30,31,33,34,35,36,37,39,40}, the accuracy is 71.5%
Using feature(s) {1,2,5,7,8,9,10,11,12,13,15,17,18,19,20,21,22,23,25,26,27,28,29,30,31,33,34,35,36,37,39,40}, the accuracy is 71.2%
Using feature(s) {1,2,3,7,8,9,10,11,12,13,15,17,18,19,20,21,22,23,25,26,27,28,29,30,31,33,34,35,36,37,39,40}, the accuracy is 72.7%
Using feature(s) {1,2,3,5,8,9,10,11,12,13,15,17,18,19,20,21,22,23,25,26,27,28,29,30,31,33,34,35,36,37,39,40}, the accuracy is 73.2%
Using feature(s) {1,2,3,5,7,9,10,11,12,13,15,17,18,19,20,21,22,23,25,26,27,28,29,30,31,33,34,35,36,37,39,40}, the accuracy is 73.4%
Using feature(s) {1,2,3,5,7,8,10,11,12,13,15,17,18,19,20,21,22,23,25,26,27,28,29,30,31,33,34,35,36,37,39,40}, the accuracy is 72.4%
Using feature(s) {1,2,3,5,7,8,9,11,12,13,15,17,18,19,20,21,22,23,25,26,27,28,29,30,31,33,34,35,36,37,39,40}, the accuracy is 72%
Using feature(s) {1,2,3,5,7,8,9,10,12,13,15,17,18,19,20,21,22,23,25,26,27,28,29,30,31,33,34,35,36,37,39,40}, the accuracy is 72.6%
Using feature(s) {1,2,3,5,7,8,9,10,11,13,15,17,18,19,20,21,22,23,25,26,27,28,29,30,31,33,34,35,36,37,39,40}, the accuracy is 72%
Using feature(s) {1,2,3,5,7,8,9,10,11,12,15,17,18,19,20,21,22,23,25,26,27,28,29,30,31,33,34,35,36,37,39,40}, the accuracy is 72.4%
Using feature(s) {1,2,3,5,7,8,9,10,11,12,13,17,18,19,20,21,22,23,25,26,27,28,29,30,31,33,34,35,36,37,39,40}, the accuracy is 72.6%
Using feature(s) {1,2,3,5,7,8,9,10,11,12,13,15,18,19,20,21,22,23,25,26,27,28,29,30,31,33,34,35,36,37,39,40}, the accuracy is 70.9%
Using feature(s) {1,2,3,5,7,8,9,10,11,12,13,15,17,19,20,21,22,23,25,26,27,28,29,30,31,33,34,35,36,37,39,40}, the accuracy is 71.4%
Using feature(s) {1,2,3,5,7,8,9,10,11,12,13,15,17,18,20,21,22,23,25,26,27,28,29,30,31,33,34,35,36,37,39,40}, the accuracy is 71.9%
Using feature(s) {1,2,3,5,7,8,9,10,11,12,13,15,17,18,19,21,22,23,25,26,27,28,29,30,31,33,34,35,36,37,39,40}, the accuracy is 71.1%
Using feature(s) {1,2,3,5,7,8,9,10,11,12,13,15,17,18,19,20,22,23,25,26,27,28,29,30,31,33,34,35,36,37,39,40}, the accuracy is 71.8%
Using feature(s) {1,2,3,5,7,8,9,10,11,12,13,15,17,18,19,20,21,23,25,26,27,28,29,30,31,33,34,35,36,37,39,40}, the accuracy is 72.2%
Using feature(s) {1,2,3,5,7,8,9,10,11,12,13,15,17,18,19,20,21,22,25,26,27,28,29,30,31,33,34,35,36,37,39,40}, the accuracy is 72.2%
Using feature(s) {1,2,3,5,7,8,9,10,11,12,13,15,17,18,19,20,21,22,23,26,27,28,29,30,31,33,34,35,36,37,39,40}, the accuracy is 72.6%
Using feature(s) {1,2,3,5,7,8,9,10,11,12,13,15,17,18,19,20,21,22,23,25,27,28,29,30,31,33,34,35,36,37,39,40}, the accuracy is 70.6%
Using feature(s) {1,2,3,5,7,8,9,10,11,12,13,15,17,18,19,20,21,22,23,25,26,28,29,30,31,33,34,35,36,37,39,40}, the accuracy is 71.2%
Using feature(s) {1,2,3,5,7,8,9,10,11,12,13,15,17,18,19,20,21,22,23,25,26,27,29,30,31,33,34,35,36,37,39,40}, the accuracy is 71.4%
Using feature(s) {1,2,3,5,7,8,9,10,11,12,13,15,17,18,19,20,21,22,23,25,26,27,28,30,31,33,34,35,36,37,39,40}, the accuracy is 71.4%
Using feature(s) {1,2,3,5,7,8,9,10,11,12,13,15,17,18,19,20,21,22,23,25,26,27,28,29,31,33,34,35,36,37,39,40}, the accuracy is 71.1%
Using feature(s) {1,2,3,5,7,8,9,10,11,12,13,15,17,18,19,20,21,22,23,25,26,27,28,29,30,33,34,35,36,37,39,40}, the accuracy is 73.4%
Using feature(s) {1,2,3,5,7,8,9,10,11,12,13,15,17,18,19,20,21,22,23,25,26,27,28,29,30,31,34,35,36,37,39,40}, the accuracy is 72.3%
Using feature(s) {1,2,3,5,7,8,9,10,11,12,13,15,17,18,19,20,21,22,23,25,26,27,28,29,30,31,33,35,36,37,39,40}, the accuracy is 71.3%
Using feature(s) {1,2,3,5,7,8,9,10,11,12,13,15,17,18,19,20,21,22,23,25,26,27,28,29,30,31,33,34,36,37,39,40}, the accuracy is 72.2%
Using feature(s) {1,2,3,5,7,8,9,10,11,12,13,15,17,18,19,20,21,22,23,25,26,27,28,29,30,31,33,34,35,37,39,40}, the accuracy is 71.9%
Using feature(s) {1,2,3,5,7,8,9,10,11,12,13,15,17,18,19,20,21,22,23,25,26,27,28,29,30,31,33,34,35,36,39,40}, the accuracy is 71.6%
Using feature(s) {1,2,3,5,7,8,9,10,11,12,13,15,17,18,19,20,21,22,23,25,26,27,28,29,30,31,33,34,35,36,37,40}, the accuracy is 70.1%
Using feature(s) {1,2,3,5,7,8,9,10,11,12,13,15,17,18,19,20,21,22,23,25,26,27,28,29,30,31,33,34,35,36,37,39}, the accuracy is 73%

Feature set {1,2,3,5,7,9,10,11,12,13,15,17,18,19,20,21,22,23,25,26,27,28,29,30,31,33,34,35,36,37,39,40} was best, accuracy is 73.4%

Using feature(s) {2,3,5,7,9,10,11,12,13,15,17,18,19,20,21,22,23,25,26,27,28,29,30,31,33,34,35,36,37,39,40}, the accuracy is 73.4%
Using feature(s) {1,3,5,7,9,10,11,12,13,15,17,18,19,20,21,22,23,25,26,27,28,29,30,31,33,34,35,36,37,39,40}, the accuracy is 72.7%
Using feature(s) {1,2,5,7,9,10,11,12,13,15,17,18,19,20,21,22,23,25,26,27,28,29,30,31,33,34,35,36,37,39,40}, the accuracy is 72.5%
Using feature(s) {1,2,3,7,9,10,11,12,13,15,17,18,19,20,21,22,23,25,26,27,28,29,30,31,33,34,35,36,37,39,40}, the accuracy is 73.1%
Using feature(s) {1,2,3,5,9,10,11,12,13,15,17,18,19,20,21,22,23,25,26,27,28,29,30,31,33,34,35,36,37,39,40}, the accuracy is 72.4%
Using feature(s) {1,2,3,5,7,10,11,12,13,15,17,18,19,20,21,22,23,25,26,27,28,29,30,31,33,34,35,36,37,39,40}, the accuracy is 71.5%
Using feature(s) {1,2,3,5,7,9,11,12,13,15,17,18,19,20,21,22,23,25,26,27,28,29,30,31,33,34,35,36,37,39,40}, the accuracy is 72.2%
Using feature(s) {1,2,3,5,7,9,10,12,13,15,17,18,19,20,21,22,23,25,26,27,28,29,30,31,33,34,35,36,37,39,40}, the accuracy is 73.4%
Using feature(s) {1,2,3,5,7,9,10,11,13,15,17,18,19,20,21,22,23,25,26,27,28,29,30,31,33,34,35,36,37,39,40}, the accuracy is 71.6%
Using feature(s) {1,2,3,5,7,9,10,11,12,15,17,18,19,20,21,22,23,25,26,27,28,29,30,31,33,34,35,36,37,39,40}, the accuracy is 71.6%
Using feature(s) {1,2,3,5,7,9,10,11,12,13,17,18,19,20,21,22,23,25,26,27,28,29,30,31,33,34,35,36,37,39,40}, the accuracy is 72.5%
Using feature(s) {1,2,3,5,7,9,10,11,12,13,15,18,19,20,21,22,23,25,26,27,28,29,30,31,33,34,35,36,37,39,40}, the accuracy is 71.6%
Using feature(s) {1,2,3,5,7,9,10,11,12,13,15,17,19,20,21,22,23,25,26,27,28,29,30,31,33,34,35,36,37,39,40}, the accuracy is 72.5%
Using feature(s) {1,2,3,5,7,9,10,11,12,13,15,17,18,20,21,22,23,25,26,27,28,29,30,31,33,34,35,36,37,39,40}, the accuracy is 72.9%
Using feature(s) {1,2,3,5,7,9,10,11,12,13,15,17,18,19,21,22,23,25,26,27,28,29,30,31,33,34,35,36,37,39,40}, the accuracy is 72.7%
Using feature(s) {1,2,3,5,7,9,10,11,12,13,15,17,18,19,20,22,23,25,26,27,28,29,30,31,33,34,35,36,37,39,40}, the accuracy is 72.6%
Using feature(s) {1,2,3,5,7,9,10,11,12,13,15,17,18,19,20,21,23,25,26,27,28,29,30,31,33,34,35,36,37,39,40}, the accuracy is 71.6%
Using feature(s) {1,2,3,5,7,9,10,11,12,13,15,17,18,19,20,21,22,25,26,27,28,29,30,31,33,34,35,36,37,39,40}, the accuracy is 73.5%
Using feature(s) {1,2,3,5,7,9,10,11,12,13,15,17,18,19,20,21,22,23,26,27,28,29,30,31,33,34,35,36,37,39,40}, the accuracy is 72.8%
Using feature(s) {1,2,3,5,7,9,10,11,12,13,15,17,18,19,20,21,22,23,25,27,28,29,30,31,33,34,35,36,37,39,40}, the accuracy is 71.9%
Using feature(s) {1,2,3,5,7,9,10,11,12,13,15,17,18,19,20,21,22,23,25,26,28,29,30,31,33,34,35,36,37,39,40}, the accuracy is 72.7%
Using feature(s) {1,2,3,5,7,9,10,11,12,13,15,17,18,19,20,21,22,23,25,26,27,29,30,31,33,34,35,36,37,39,40}, the accuracy is 72.6%
Using feature(s) {1,2,3,5,7,9,10,11,12,13,15,17,18,19,20,21,22,23,25,26,27,28,30,31,33,34,35,36,37,39,40}, the accuracy is 72.4%
Using feature(s) {1,2,3,5,7,9,10,11,12,13,15,17,18,19,20,21,22,23,25,26,27,28,29,31,33,34,35,36,37,39,40}, the accuracy is 72.2%
Using feature(s) {1,2,3,5,7,9,10,11,12,13,15,17,18,19,20,21,22,23,25,26,27,28,29,30,33,34,35,36,37,39,40}, the accuracy is 73.6%
Using feature(s) {1,2,3,5,7,9,10,11,12,13,15,17,18,19,20,21,22,23,25,26,27,28,29,30,31,34,35,36,37,39,40}, the accuracy is 73.6%
Using feature(s) {1,2,3,5,7,9,10,11,12,13,15,17,18,19,20,21,22,23,25,26,27,28,29,30,31,33,35,36,37,39,40}, the accuracy is 71.5%
Using feature(s) {1,2,3,5,7,9,10,11,12,13,15,17,18,19,20,21,22,23,25,26,27,28,29,30,31,33,34,36,37,39,40}, the accuracy is 72.6%
Using feature(s) {1,2,3,5,7,9,10,11,12,13,15,17,18,19,20,21,22,23,25,26,27,28,29,30,31,33,34,35,37,39,40}, the accuracy is 73.4%
Using feature(s) {1,2,3,5,7,9,10,11,12,13,15,17,18,19,20,21,22,23,25,26,27,28,29,30,31,33,34,35,36,39,40}, the accuracy is 72.7%
Using feature(s) {1,2,3,5,7,9,10,11,12,13,15,17,18,19,20,21,22,23,25,26,27,28,29,30,31,33,34,35,36,37,40}, the accuracy is 72.7%
Using feature(s) {1,2,3,5,7,9,10,11,12,13,15,17,18,19,20,21,22,23,25,26,27,28,29,30,31,33,34,35,36,37,39}, the accuracy is 74.3%

Feature set {1,2,3,5,7,9,10,11,12,13,15,17,18,19,20,21,22,23,25,26,27,28,29,30,31,33,34,35,36,37,39} was best, accuracy is 74.3%

Using feature(s) {2,3,5,7,9,10,11,12,13,15,17,18,19,20,21,22,23,25,26,27,28,29,30,31,33,34,35,36,37,39}, the accuracy is 73.1%
Using feature(s) {1,3,5,7,9,10,11,12,13,15,17,18,19,20,21,22,23,25,26,27,28,29,30,31,33,34,35,36,37,39}, the accuracy is 72.5%
Using feature(s) {1,2,5,7,9,10,11,12,13,15,17,18,19,20,21,22,23,25,26,27,28,29,30,31,33,34,35,36,37,39}, the accuracy is 72.7%
Using feature(s) {1,2,3,7,9,10,11,12,13,15,17,18,19,20,21,22,23,25,26,27,28,29,30,31,33,34,35,36,37,39}, the accuracy is 72.7%
Using feature(s) {1,2,3,5,9,10,11,12,13,15,17,18,19,20,21,22,23,25,26,27,28,29,30,31,33,34,35,36,37,39}, the accuracy is 73.3%
Using feature(s) {1,2,3,5,7,10,11,12,13,15,17,18,19,20,21,22,23,25,26,27,28,29,30,31,33,34,35,36,37,39}, the accuracy is 73.2%
Using feature(s) {1,2,3,5,7,9,11,12,13,15,17,18,19,20,21,22,23,25,26,27,28,29,30,31,33,34,35,36,37,39}, the accuracy is 73.1%
Using feature(s) {1,2,3,5,7,9,10,12,13,15,17,18,19,20,21,22,23,25,26,27,28,29,30,31,33,34,35,36,37,39}, the accuracy is 73.4%
Using feature(s) {1,2,3,5,7,9,10,11,13,15,17,18,19,20,21,22,23,25,26,27,28,29,30,31,33,34,35,36,37,39}, the accuracy is 73.2%
Using feature(s) {1,2,3,5,7,9,10,11,12,15,17,18,19,20,21,22,23,25,26,27,28,29,30,31,33,34,35,36,37,39}, the accuracy is 72.6%
Using feature(s) {1,2,3,5,7,9,10,11,12,13,17,18,19,20,21,22,23,25,26,27,28,29,30,31,33,34,35,36,37,39}, the accuracy is 72.7%
Using feature(s) {1,2,3,5,7,9,10,11,12,13,15,18,19,20,21,22,23,25,26,27,28,29,30,31,33,34,35,36,37,39}, the accuracy is 72.7%
Using feature(s) {1,2,3,5,7,9,10,11,12,13,15,17,19,20,21,22,23,25,26,27,28,29,30,31,33,34,35,36,37,39}, the accuracy is 72.5%
Using feature(s) {1,2,3,5,7,9,10,11,12,13,15,17,18,20,21,22,23,25,26,27,28,29,30,31,33,34,35,36,37,39}, the accuracy is 73.7%
Using feature(s) {1,2,3,5,7,9,10,11,12,13,15,17,18,19,21,22,23,25,26,27,28,29,30,31,33,34,35,36,37,39}, the accuracy is 71.4%
Using feature(s) {1,2,3,5,7,9,10,11,12,13,15,17,18,19,20,22,23,25,26,27,28,29,30,31,33,34,35,36,37,39}, the accuracy is 71.3%
Using feature(s) {1,2,3,5,7,9,10,11,12,13,15,17,18,19,20,21,23,25,26,27,28,29,30,31,33,34,35,36,37,39}, the accuracy is 72.3%
Using feature(s) {1,2,3,5,7,9,10,11,12,13,15,17,18,19,20,21,22,25,26,27,28,29,30,31,33,34,35,36,37,39}, the accuracy is 73%
Using feature(s) {1,2,3,5,7,9,10,11,12,13,15,17,18,19,20,21,22,23,26,27,28,29,30,31,33,34,35,36,37,39}, the accuracy is 71.3%
Using feature(s) {1,2,3,5,7,9,10,11,12,13,15,17,18,19,20,21,22,23,25,27,28,29,30,31,33,34,35,36,37,39}, the accuracy is 72.2%
Using feature(s) {1,2,3,5,7,9,10,11,12,13,15,17,18,19,20,21,22,23,25,26,28,29,30,31,33,34,35,36,37,39}, the accuracy is 72.8%
Using feature(s) {1,2,3,5,7,9,10,11,12,13,15,17,18,19,20,21,22,23,25,26,27,29,30,31,33,34,35,36,37,39}, the accuracy is 71.8%
Using feature(s) {1,2,3,5,7,9,10,11,12,13,15,17,18,19,20,21,22,23,25,26,27,28,30,31,33,34,35,36,37,39}, the accuracy is 72%
Using feature(s) {1,2,3,5,7,9,10,11,12,13,15,17,18,19,20,21,22,23,25,26,27,28,29,31,33,34,35,36,37,39}, the accuracy is 70.9%
Using feature(s) {1,2,3,5,7,9,10,11,12,13,15,17,18,19,20,21,22,23,25,26,27,28,29,30,33,34,35,36,37,39}, the accuracy is 74.1%
Using feature(s) {1,2,3,5,7,9,10,11,12,13,15,17,18,19,20,21,22,23,25,26,27,28,29,30,31,34,35,36,37,39}, the accuracy is 74.1%
Using feature(s) {1,2,3,5,7,9,10,11,12,13,15,17,18,19,20,21,22,23,25,26,27,28,29,30,31,33,35,36,37,39}, the accuracy is 72.1%
Using feature(s) {1,2,3,5,7,9,10,11,12,13,15,17,18,19,20,21,22,23,25,26,27,28,29,30,31,33,34,36,37,39}, the accuracy is 73.1%
Using feature(s) {1,2,3,5,7,9,10,11,12,13,15,17,18,19,20,21,22,23,25,26,27,28,29,30,31,33,34,35,37,39}, the accuracy is 73.8%
Using feature(s) {1,2,3,5,7,9,10,11,12,13,15,17,18,19,20,21,22,23,25,26,27,28,29,30,31,33,34,35,36,39}, the accuracy is 73.1%
Using feature(s) {1,2,3,5,7,9,10,11,12,13,15,17,18,19,20,21,22,23,25,26,27,28,29,30,31,33,34,35,36,37}, the accuracy is 74%

(Warning, Accuracy has decreased!)
Finished search! The best feature subset is {1,2,3,5,7,9,10,11,12,13,15,17,18,19,20,21,22,23,25,26,27,28,29,30,31,33,34,35,36,37,39}, which has an accuracy of 74.3%
